5.307806588666801872e+03 5.281917644733552152e+03
5.345039768545730112e+03 5.301679363281378755e+03
5.364247433326532700e+03 5.332935675112326862e+03
5.388491284185274708e+03 5.351563479139882475e+03
5.405542879158956566e+03 5.352079679932781801e+03
5.421698865959191608e+03 5.375737421292906220e+03
5.441471574477247486e+03 5.385384659880781328e+03
5.477872067749241978e+03 5.399278819805378589e+03
5.494759518286467937e+03 5.414870241611766687e+03
5.526493711624192656e+03 5.443583244007444591e+03
5.544425720269733574e+03 5.460286022903521371e+03
5.564615259971149499e+03 5.498051723922311794e+03
5.592652552643034142e+03 5.518223429836318246e+03
5.605537823498889338e+03 5.566490913541856571e+03
5.640152246020676102e+03 5.577355577064634417e+03
5.679693472805200145e+03 5.651357558867108310e+03
5.721497122674190905e+03 5.689178728665661765e+03
5.767771027455572039e+03 5.725040624266199302e+03
5.822334119502920657e+03 5.774885636358318152e+03
5.820562812122283503e+03 5.835314607874432113e+03
5.854201183838769794e+03 5.896817223013262264e+03
5.994244538158178329e+03 5.964436165102408268e+03
5.309583075009041750e+03 5.282271436441003061e+03
5.327223938494992581e+03 5.306296326994277479e+03
5.358326560863990380e+03 5.332872130137689965e+03
5.382219529586775025e+03 5.352610617230974640e+03
5.393949740812533491e+03 5.356056092861665093e+03
5.400515698578454248e+03 5.373907066807823867e+03
5.419418901608811211e+03 5.383401854143368837e+03
5.439563119377344265e+03 5.399318900769445463e+03
5.452314663782995922e+03 5.406811660560164455e+03
5.471335452733224884e+03 5.433514646876221377e+03
5.491975900026634918e+03 5.451694289034730900e+03
5.507962268023089564e+03 5.481115946359124791e+03
5.525220931134157581e+03 5.495470723125654331e+03
5.549425248919891601e+03 5.522727133413456613e+03
5.572170515770543716e+03 5.569360151147644501e+03
5.598440768414329796e+03 5.598257986650263774e+03
5.631474645214781049e+03 5.629491191626395448e+03
5.671189260871688020e+03 5.663886716003966285e+03
5.733240729791112244e+03 5.717029310558515135e+03
5.784539756585203577e+03 5.759629754781286465e+03
5.817564411116531119e+03 5.811531905497860862e+03
5.922875843614572659e+03 5.878608560068299994e+03
5.277885144592366487e+03 5.275517384353017405e+03
5.307022837719155177e+03 5.304579408013139073e+03
5.327850785744407403e+03 5.322539050346462318e+03
5.358701477463782794e+03 5.348129832723767322e+03
5.364877361376566114e+03 5.355049501868104926e+03
5.372143990649954503e+03 5.364513882368244595e+03
5.388729140940557045e+03 5.381642270555374125e+03
5.412195628180219501e+03 5.397256755674256055e+03
5.421539737778155541e+03 5.398595077919584583e+03
5.432225381419971200e+03 5.424921170461970178e+03
5.449289915088667840e+03 5.445383688925208844e+03
5.464993954885310814e+03 5.456202755652375345e+03
5.475562310907622305e+03 5.480562312420272065e+03
5.497315017731743865e+03 5.492268697265069932e+03
5.510837350447054632e+03 5.529934154195747396e+03
5.538619438255591376e+03 5.551685150886238262e+03
5.573550220410572365e+03 5.579330680968414526e+03
5.605999022808107839e+03 5.610586219592281850e+03
5.651538361809114576e+03 5.648243669864226831e+03
5.705726310597994598e+03 5.697792363472253783e+03
5.782237960330181522e+03 5.745374284335470293e+03
5.860838224577018991e+03 5.804894119738193695e+03
5.267959270462624772e+03 5.284358068990983156e+03
5.280830117074341615e+03 5.301632525850282036e+03
5.300704739758629330e+03 5.322904596274754113e+03
5.312708554903045297e+03 5.344391168206711882e+03
5.335870414936789530e+03 5.353366100719133101e+03
5.356332941741335162e+03 5.359739033554937123e+03
5.374334112891208861e+03 5.374741579567302324e+03
5.389355553415479335e+03 5.393855639241410245e+03
5.401102640443779819e+03 5.414185200449579497e+03
5.416436359229529444e+03 5.421586112788299943e+03
5.424274741987585003e+03 5.426097388937292635e+03
5.433703971789071147e+03 5.443001911630741233e+03
5.444178201026145871e+03 5.462646587140112388e+03
5.463965689348478918e+03 5.479276316331703129e+03
5.476850474153616233e+03 5.499425353601545794e+03
5.499323206688417486e+03 5.516978442552630440e+03
5.532029881881489928e+03 5.538251833371403336e+03
5.568117670736915898e+03 5.570292198626040772e+03
5.608360979065200809e+03 5.598867384055658476e+03
5.656633715798405319e+03 5.637530023107960005e+03
5.730284109889471438e+03 5.684006875838866108e+03
5.781773126438114559e+03 5.731578827390418155e+03
5.243781619506789866e+03 5.291105602889270813e+03
5.262894569662043068e+03 5.303678284524570699e+03
5.290317655655444469e+03 5.318713489513638706e+03
5.307451058460877903e+03 5.341555969464279769e+03
5.329829366148471308e+03 5.347446696930202961e+03
5.351268411753062537e+03 5.361288630277358607e+03
5.352405573378071495e+03 5.379004025638898383e+03
5.373998582318170520e+03 5.388670028000965431e+03
5.391054778101388365e+03 5.403172310151954662e+03
5.402338721737160085e+03 5.414950886110958891e+03
5.415932808760340777e+03 5.423566343438767944e+03
5.415516429562556368e+03 5.439476338211548864e+03
5.423992145165186230e+03 5.447854454246898968e+03
5.433093379097501384e+03 5.463272747465500288e+03
5.445570621318833219e+03 5.480423591897921142e+03
5.469730116275461114e+03 5.501117325669805723e+03
5.498298423899551381e+03 5.516984190585062606e+03
5.530942266357298649e+03 5.540184110278860317e+03
5.567081560597020143e+03 5.565170036163013719e+03
5.615851730435490936e+03 5.593022383497132978e+03
5.687430590440824744e+03 5.632108438569019199e+03
5.770576399138139095e+03 5.681919282131813816e+03
5.248401379345748865e+03 5.283223462874710094e+03
5.249078110293989084e+03 5.292006973909336011e+03
5.279853787075642686e+03 5.311484513659661388e+03
5.299411473940959695e+03 5.339600302764725711e+03
5.310780102375414572e+03 5.343599966066230991e+03
5.337344955251128340e+03 5.358179295816882586e+03
5.357359137152705443e+03 5.374617697499666065e+03
5.366316493153368356e+03 5.387909918164444207e+03
5.386751243010239705e+03 5.400395384865350934e+03
5.392987482744430963e+03 5.410983861360255105e+03
5.398908907357009411e+03 5.428576631531504972e+03
5.412416556526095519e+03 5.432441109936663452e+03
5.408590194314881046e+03 5.441711276883828759e+03
5.414535799787603537e+03 5.456861438251746222e+03
5.433318134464421746e+03 5.474237960146996556e+03
5.449637040618445099e+03 5.489204777534727327e+03
5.473192063520260490e+03 5.503739197276763662e+03
5.506107531014078631e+03 5.525079698051689775e+03
5.535601383368330062e+03 5.543458318290908210e+03
5.585981505526498950e+03 5.569965195578675775e+03
5.650253879987649270e+03 5.598952762908302248e+03
5.681928160469498835e+03 5.642318908164204913e+03
5.232209020551312278e+03 5.278172397944637851e+03
5.235751280556687561e+03 5.288712109533231342e+03
5.267630297544346831e+03 5.306820653832885000e+03
5.282160918752490034e+03 5.329841729887666588e+03
5.297187549183925512e+03 5.335621264735722434e+03
5.326469124344161173e+03 5.356109997009205472e+03
5.362023600707369042e+03 5.374089393068699792e+03
5.377756200369225553e+03 5.390538700092366525e+03
5.393261543912407433e+03 5.401621674218586122e+03
5.397664825208257753e+03 5.416644438814932073e+03
5.394191558832748342e+03 5.428711376102370195e+03
5.407442655766257303e+03 5.433221158437914710e+03
5.402230551227738033e+03 5.441608979096105941e+03
5.412743239085903951e+03 5.457694868559729912e+03
5.420989786358054516e+03 5.473957401788319657e+03
5.436220303354792122e+03 5.486402140308535309e+03
5.454060690288475598e+03 5.502924230956417887e+03
5.477185228368683966e+03 5.517430858155485112e+03
5.506351290979027908e+03 5.532656634020717320e+03
5.559561662819698540e+03 5.554562347186900297e+03
5.587701896191872947e+03 5.582183674393021647e+03
5.626545120397109713e+03 5.615077809270118451e+03
5.230522564622990103e+03 5.268478633726750559e+03
5.245347681943872885e+03 5.283721642207261539e+03
5.263543350869615097e+03 5.314886668078283037e+03
5.273931431944458382e+03 5.334032103298512084e+03
5.300452047828070135e+03 5.336368378997138279e+03
5.335434743018962763e+03 5.357529563933827376e+03
5.354727914873008558e+03 5.376904473794995283e+03
5.391753276018718680e+03 5.389654178921074163e+03
5.400284837575165511e+03 5.407201284587483315e+03
5.410982703442299680e+03 5.414582599730903894e+03
5.411208896355929028e+03 5.431362069239872653e+03
5.421506864151329864e+03 5.439440218087216635e+03
5.410916761505470276e+03 5.453464113311684741e+03
5.409916454299824181e+03 5.465339266204878186e+03
5.415098612630842581e+03 5.480123274906201914e+03
5.426636030504659175e+03 5.492119602654320261e+03
5.439276928383371342e+03 5.506357447144695470e+03
5.454631168699099362e+03 5.521669014159770995e+03
5.485508655482658469e+03 5.533851125246055744e+03
5.532812022484417867e+03 5.551578828677427737e+03
5.563686060905944032e+03 5.575140554841933408e+03
5.605157001121451685e+03 5.600813950824238418e+03
5.232817422229474687e+03 5.271489201734599192e+03
5.245030765020183026e+03 5.294543506120637176e+03
5.257522265422912824e+03 5.315997339848261618e+03
5.286106694722580869e+03 5.334969171318474764e+03
5.312472819821006851e+03 5.347603964293977697e+03
5.349148423551347150e+03 5.362086012642554124e+03
5.364622072791866231e+03 5.381717515318880032e+03
5.398571731686897692e+03 5.395752142434569578e+03
5.416499883613763814e+03 5.409812937728061115e+03
5.421012691118208750e+03 5.424425856875614954e+03
5.418120460758863373e+03 5.437281170826043308e+03
5.429268716148249041e+03 5.449089054838654192e+03
5.420380332034297680e+03 5.467529944013104796e+03
5.418716729795801257e+03 5.481691687773174635e+03
5.415370106888512964e+03 5.492230993252454937e+03
5.426236882511577278e+03 5.507544909886642017e+03
5.436147233377978409e+03 5.517743964628106369e+03
5.450872397586995248e+03 5.531145651316519434e+03
5.476050260466908185e+03 5.542173958216891151e+03
5.509754500656197706e+03 5.560802091048088187e+03
5.548249074508627928e+03 5.576415504029796466e+03
5.589006046290629456e+03 5.602428816462681425e+03
5.234650322509305624e+03 5.263474680384370004e+03
5.248732897624369798e+03 5.289975104136208756e+03
5.272098527038866450e+03 5.314066126445297414e+03
5.301825908629347396e+03 5.336994533842291276e+03
5.322497963385390904e+03 5.359538633543210381e+03
5.356859451478821939e+03 5.365291051205622352e+03
5.393785486296788804e+03 5.387655767368118177e+03
5.415408475435617220e+03 5.404223161898883518e+03
5.438159644882709472e+03 5.419739512673694662e+03
5.448104613010489629e+03 5.435424425127712311e+03
5.444156923464560350e+03 5.455583615759802342e+03
5.443844654544929654e+03 5.464641317866212376e+03
5.435668900143385144e+03 5.478075498230944504e+03
5.437107517207862657e+03 5.498440656268337989e+03
5.430187080827494356e+03 5.512475191047243243e+03
5.428265848455067498e+03 5.526553669324905059e+03
5.441802735158723408e+03 5.540719847419413782e+03
5.451527140443242388e+03 5.550986177308426704e+03
5.477771556701715781e+03 5.552688724779989570e+03
5.502067559039561274e+03 5.567956051323988504e+03
5.538958319386847506e+03 5.588815289408820718e+03
5.571773100571761461e+03 5.609564682383546824e+03
5.234771859536234842e+03 5.265594563688133348e+03
5.243663659702056975e+03 5.293465624442407716e+03
5.271552191797183696e+03 5.324019957554435678e+03
5.314258864919476764e+03 5.343493814410734558e+03
5.353510439679659612e+03 5.366705525011653663e+03
5.385800603942243470e+03 5.373243831906984269e+03
5.419802717652795764e+03 5.394194247690948032e+03
5.438649310532780873e+03 5.416171360540101887e+03
5.456012537958793473e+03 5.435228715851428205e+03
5.470536963890916923e+03 5.454448581009308327e+03
5.476469547521164714e+03 5.474181193160615294e+03
5.469014198784137989e+03 5.482833630746625204e+03
5.466783216705743143e+03 5.498946119290238130e+03
5.459826918924199163e+03 5.516010275478516633e+03
5.460177383558700058e+03 5.529913347899044311e+03
5.447642087118381824e+03 5.542852551098955701e+03
5.455168987348632982e+03 5.557721377854180901e+03
5.466518690323438022e+03 5.569891813322004964e+03
5.483052652867288998e+03 5.580398028639388940e+03
5.510387041397179019e+03 5.596818095397819889e+03
5.540245130990265352e+03 5.616338984777661608e+03
5.578093851800545963e+03 5.617779016857798524e+03
5.244952617043589271e+03 5.276130417073383796e+03
5.241235709482101811e+03 5.303890484916479181e+03
5.282813252228363126e+03 5.332880309044929163e+03
5.321995979195598920e+03 5.351042672689498431e+03
5.376039536049671369e+03 5.377247381514065637e+03
5.410362401017295269e+03 5.396190550380375498e+03
5.435874619060170517e+03 5.407761649853546260e+03
5.465408537055298439e+03 5.429191154043942333e+03
5.478126845541617513e+03 5.450355193244447946e+03
5.491913216610691961e+03 5.468360666696323278e+03
5.499364107393427730e+03 5.485009468645920606e+03
5.492648601994053024e+03 5.501367166093694323e+03
5.491361406189123954e+03 5.517848454878897428e+03
5.482010732547751104e+03 5.532889355798882207e+03
5.481792081323937964e+03 5.547447910372018669e+03
5.481005685737756721e+03 5.560149037390217018e+03
5.488569926407185449e+03 5.573964399445075287e+03
5.481271917268916695e+03 5.585771529015784836e+03
5.505545253889882588e+03 5.595098710986069818e+03
5.530426603581290692e+03 5.613758339505771801e+03
5.553660632071769214e+03 5.631806626921918905e+03
5.593249688322352085e+03 5.651314779118873048e+03
5.227106116686596579e+03 5.279619832500848133e+03
5.254217839224689669e+03 5.307761763535152568e+03
5.296213356577269224e+03 5.338014217723019101e+03
5.343782307749077518e+03 5.364650731387615451e+03
5.386688636198827226e+03 5.395134778496891158e+03
5.424918523825734155e+03 5.406422987687354180e+03
5.458855473112080290e+03 5.425220690857040609e+03
5.487526302622427465e+03 5.443316580832835825e+03
5.500569301795980209e+03 5.461337251305841164e+03
5.517943495574367262e+03 5.485004081810502612e+03
5.522600412444015092e+03 5.502926319390443496e+03
5.528345252812721810e+03 5.516739820512665574e+03
5.516582889289377817e+03 5.533132145367030716e+03
5.511758251561147517e+03 5.548196911397613803e+03
5.512393514730702009e+03 5.576959443363322862e+03
5.510258826783197946e+03 5.584900748006108188e+03
5.517468509259549137e+03 5.601091265012239091e+03
5.525317817059742083e+03 5.612978615952605651e+03
5.539584282883779451e+03 5.627780658282630611e+03
5.551417199289700875e+03 5.639411009859042679e+03
5.578570488518411366e+03 5.654749098749879522e+03
5.607940940892667641e+03 5.675366638369936481e+03
5.234124455047363881e+03 5.285019895445320799e+03
5.264275206161204551e+03 5.322186450831995899e+03
5.318010961355521431e+03 5.345549191339101526e+03
5.353935409548910684e+03 5.377668695787531760e+03
5.402381599560920222e+03 5.404013624996090584e+03
5.438368823917991904e+03 5.426740491472410213e+03
5.473558422459786016e+03 5.442188161199599563e+03
5.504063089303501329e+03 5.456266196521459278e+03
5.531873250981345336e+03 5.480120015540029272e+03
5.543292610256770786e+03 5.498867867346136336e+03
5.554667410668675075e+03 5.518722342568948079e+03
5.555440314354875227e+03 5.538984804445885857e+03
5.559900436331930905e+03 5.569210769399768651e+03
5.549107937303836479e+03 5.579149041526778092e+03
5.542208831214802558e+03 5.594975817044472933e+03
5.550935262723452070e+03 5.607212868610136866e+03
5.554507096884520251e+03 5.615223867525581227e+03
5.564797443961819226e+03 5.633627195569350988e+03
5.567258677535883180e+03 5.644308559763003359e+03
5.597620868676771352e+03 5.659571568857763850e+03
5.621392564392965141e+03 5.675704655659007585e+03
5.644434399786661743e+03 5.690207015337956364e+03
5.215381156270374049e+03 5.292728871722822078e+03
5.275860634471020603e+03 5.332493761259283929e+03
5.316720878895232090e+03 5.359448587633536590e+03
5.363095001456998943e+03 5.391765858397691773e+03
5.415031684728084656e+03 5.422184929056429610e+03
5.453959287511139337e+03 5.443671801918793790e+03
5.497347432001093694e+03 5.463521716343357184e+03
5.530041359413893588e+03 5.480358196190803028e+03
5.552875446416641353e+03 5.494613569015317807e+03
5.573359714398790857e+03 5.523235214187684505e+03
5.577323973541109808e+03 5.553733098379645526e+03
5.588223940545537516e+03 5.567202211638656991e+03
5.588110774339664204e+03 5.585015360030108241e+03
5.588485082353228790e+03 5.597926035586890066e+03
5.592019998559918349e+03 5.611831210518197622e+03
5.592230615299126839e+03 5.626073494263667271e+03
5.592141662232026647e+03 5.639096018519741847e+03
5.600699351353848215e+03 5.647697535096102001e+03
5.617938185347954459e+03 5.664812590433910373e+03
5.629428329782362198e+03 5.676246653355348826e+03
5.654685485861085908e+03 5.691921595829032412e+03
5.690081196181061387e+03 5.710064798268682353e+03
5.251731334077250722e+03 5.311714869741734219e+03
5.291926306745412148e+03 5.350379141557543335e+03
5.335029277908390213e+03 5.374454006530977495e+03
5.381715563076017133e+03 5.412989516027862919e+03
5.424714488341847755e+03 5.437843704762399284e+03
5.485034550185246189e+03 5.461161502651673800e+03
5.518429423174675321e+03 5.479141905928716369e+03
5.548512913994012706e+03 5.500915347181754441e+03
5.573249600102991280e+03 5.535644930506872697e+03
5.590690052202045990e+03 5.551411772812532035e+03
5.611217917621431297e+03 5.571779140967337298e+03
5.621324917738822478e+03 5.585178358822268819e+03
5.627112374464022650e+03 5.598999515722713113e+03
5.626490308794831435e+03 5.617513778164747237e+03
5.629661503205904410e+03 5.634406140980163400e+03
5.637518801501447342e+03 5.645637867530824224e+03
5.648777953442130638e+03 5.659368673994067649e+03
5.656946290548843535e+03 5.671824417433437702e+03
5.662691512049226731e+03 5.682887719488362563e+03
5.675358835279794221e+03 5.698951068858472354e+03
5.693242302370113975e+03 5.710201272378762951e+03
5.717064695728056904e+03 5.732343191224978000e+03
5.261905700955157954e+03 5.326877837698535586e+03
5.307188767890838790e+03 5.362592983388083667e+03
5.349222833033378265e+03 5.406349843519003116e+03
5.402271558960854236e+03 5.437163894337902093e+03
5.454339065296808258e+03 5.475638628966038596e+03
5.494715069296542424e+03 5.495383736537416553e+03
5.540358531671206947e+03 5.513325454833713593e+03
5.565902721683867640e+03 5.537147656458330857e+03
5.597961795723884279e+03 5.564851095060939770e+03
5.622992928620644307e+03 5.585990092749985706e+03
5.638038691568282957e+03 5.602576379665866625e+03
5.655175933851963237e+03 5.606630551821733206e+03
5.665022924922404854e+03 5.619330674130986154e+03
5.662441901152540595e+03 5.638818726979610801e+03
5.670636241784066442e+03 5.656571374567492057e+03
5.677238794753820912e+03 5.668589864671301257e+03
5.688843575898031304e+03 5.679783005868059263e+03
5.700732198880767100e+03 5.692525943267915864e+03
5.717149345532885491e+03 5.708219044250592560e+03
5.732807420581013503e+03 5.720954486423926937e+03
5.745007562582623905e+03 5.733553901394156128e+03
5.764000293426532153e+03 5.755307071559596807e+03
5.280355512784562961e+03 5.336277200833328607e+03
5.327209594669533544e+03 5.389253249687975767e+03
5.369728090607763079e+03 5.429250848267540277e+03
5.430609407806636227e+03 5.459325954642570650e+03
5.479411274670359489e+03 5.496663274207996437e+03
5.519873452380674280e+03 5.526363142856154809e+03
5.557153341191808067e+03 5.547319577818923790e+03
5.588556921993034848e+03 5.566065408609399128e+03
5.615945428900958177e+03 5.587553528912057118e+03
5.641599801937181837e+03 5.608184179733218116e+03
5.661458429362455718e+03 5.630012735809206788e+03
5.681573592447258306e+03 5.646137649459909881e+03
5.699776338651368860e+03 5.657048662983341274e+03
5.706916507999636451e+03 5.676114668799836181e+03
5.709203701633397031e+03 5.685897387073586287e+03
5.717142775586993594e+03 5.698053691981310294e+03
5.731512052049613885e+03 5.713385388633672846e+03
5.740952927695941980e+03 5.721887547113819892e+03
5.756290272110532896e+03 5.736693431947465797e+03
5.772482188636562569e+03 5.747581496234286533e+03
5.791097545702437856e+03 5.760514960383076868e+03
5.798217566614534007e+03 5.772750356930366252e+03
5.304714352929808229e+03 5.364480558112501967e+03
5.353953945229539386e+03 5.409210089977925236e+03
5.400471484619005423e+03 5.443677560759439984e+03
5.455047507936991678e+03 5.478455373574024634e+03
5.499438449618446612e+03 5.510948173719478291e+03
5.542313081439991947e+03 5.547659366356865576e+03
5.577894515678590324e+03 5.569236327635913767e+03
5.606254658580593969e+03 5.592858225632949143e+03
5.634282034025296525e+03 5.612324014002000695e+03
5.663641119663599966e+03 5.630671274705642645e+03
5.681505284098499033e+03 5.653981674234962156e+03
5.704322826738200092e+03 5.674277510294768945e+03
5.720254787164520167e+03 5.686007799639965015e+03
5.734943624457306214e+03 5.699370710500830683e+03
5.739445010875085245e+03 5.714792666018498494e+03
5.755781114048002564e+03 5.724613298494048649e+03
5.773521237693092189e+03 5.733814499441588850e+03
5.787690485245535456e+03 5.741364039516796765e+03
5.810291043109759812e+03 5.757227927236715914e+03
5.825018169727603890e+03 5.769111543462201553e+03
5.839335890477410430e+03 5.780263781101753921e+03
5.849310187201957888e+03 5.794821139633797429e+03
5.324322781390086675e+03 5.375692223306040432e+03
5.374313768628015168e+03 5.421176068789059173e+03
5.418486113234661389e+03 5.456858908176695877e+03
5.478352972817407135e+03 5.496064738742492409e+03
5.520991700314891204e+03 5.532364136268073707e+03
5.559777696196522811e+03 5.565102465773156837e+03
5.597324501233029878e+03 5.584901090104717696e+03
5.626098391052911211e+03 5.610080877296171820e+03
5.653433798112804652e+03 5.634079341392895913e+03
5.677455636144634809e+03 5.653504564554978060e+03
5.705590455153731455e+03 5.673930423907038858e+03
5.723818800517590716e+03 5.695392516204260573e+03
5.740519471650113701e+03 5.710802092983991315e+03
5.762745621817994106e+03 5.722278071769111193e+03
5.772663657159912873e+03 5.739854642257769228e+03
5.785294802550992245e+03 5.753532864047751900e+03
5.805442386398474810e+03 5.765819785609563951e+03
5.823135233289971438e+03 5.774551743799018368e+03
5.843770009507101349e+03 5.785614105489771646e+03
5.858844503202451961e+03 5.799559797694052577e+03
5.875151661204412449e+03 5.810635453049235366e+03
5.884372225393839472e+03 5.811373212714621332e+03
5.345368700952014478e+03 5.384324967979221583e+03
5.392326860597602717e+03 5.426591523854097431e+03
5.455099439961235475e+03 5.465288383493039873e+03
5.498050933324591824e+03 5.505631188667327478e+03
5.537837627628150585e+03 5.545916885330329023e+03
5.579841189054461211e+03 5.582362266230330533e+03
5.612405212096926334e+03 5.604913963515504292e+03
5.643749617675757690e+03 5.628800439233424186e+03
5.672607198940096168e+03 5.651174230079523113e+03
5.694190631302471957e+03 5.676402221840025959e+03
5.714941956639303498e+03 5.694838829823847846e+03
5.738773745851662170e+03 5.715759796575819564e+03
5.764831279731675750e+03 5.739367206320401237e+03
5.783385247759497361e+03 5.746180665113485702e+03
5.794595350080524440e+03 5.763356790495497080e+03
5.816110980942540664e+03 5.777852822100976482e+03
5.830054299708796862e+03 5.791934400952363831e+03
5.846804265945112093e+03 5.804925058525543136e+03
5.867441815278687500e+03 5.814289205444660183e+03
5.880765083348492226e+03 5.828648414237510224e+03
5.906012502022791523e+03 5.830504116082083783e+03
5.919744674919427780e+03 5.838175216834326420e+03
5.367832651246713795e+03 5.394661478357084889e+03
5.431684170490965698e+03 5.434545701972394454e+03
5.475645741135758726e+03 5.477014166370973726e+03
5.517353255349520623e+03 5.518604254918529477e+03
5.556882065107278322e+03 5.556530941705589612e+03
5.592420166027772211e+03 5.593045951395184602e+03
5.627819044850307364e+03 5.620743041636286762e+03
5.656902832636164931e+03 5.645704086644451309e+03
5.686407164725530492e+03 5.673810730702101864e+03
5.711924162084833370e+03 5.698818070883505243e+03
5.735004467419272260e+03 5.726162707099601903e+03
5.754062148242979674e+03 5.745275794216535360e+03
5.779004649309828892e+03 5.757557084993036369e+03
5.795499688143256208e+03 5.769623859797620753e+03
5.817087072583640293e+03 5.779012098392578082e+03
5.826061553233528684e+03 5.796472571812795650e+03
5.844197386042003927e+03 5.809180622703799600e+03
5.859005339053146599e+03 5.827508527162551218e+03
5.877367103811020570e+03 5.840879935254311022e+03
5.898047012167018693e+03 5.843292562801189888e+03
5.919156258290711776e+03 5.855221423582803254e+03
5.919424413058819482e+03 5.861256011973968270e+03
5.402088453589552955e+03 5.399784641312087842e+03
5.451003403296454053e+03 5.441251088666068426e+03
5.495437583563811131e+03 5.488473459576140158e+03
5.537860109283754355e+03 5.530633768485778091e+03
5.575052013223656104e+03 5.569883302798372824e+03
5.610978440449526715e+03 5.605478421311795501e+03
5.643470543347030798e+03 5.636254027213832160e+03
5.676025551304978762e+03 5.661764301666375104e+03
5.699086117961699529e+03 5.686897794228822022e+03
5.723920279975161975e+03 5.715592483983638886e+03
5.744984048628650271e+03 5.740895657065821979e+03
5.765527241490179222e+03 5.761088257079530194e+03
5.784669405123708202e+03 5.780451702546795786e+03
5.808905005091826752e+03 5.790785656784456478e+03
5.830263764922700830e+03 5.799319612650835552e+03
5.843343761157887457e+03 5.814503071361379625e+03
5.856201846365025631e+03 5.825838827467317969e+03
5.877920492708867641e+03 5.845591402621746965e+03
5.897445881069330426e+03 5.852424280439166978e+03
5.904284611322635101e+03 5.860942952155793137e+03
5.925793257842131425e+03 5.866597950709910037e+03
5.942175355413026409e+03 5.873752808112112689e+03
5.418127491179375284e+03 5.411767980719359002e+03
5.468015245615279127e+03 5.453425496597977144e+03
5.509123477076194831e+03 5.494887329445524301e+03
5.549749905573602518e+03 5.535238888006329034e+03
5.590207277013119892e+03 5.574008502137783580e+03
5.625251210404038829e+03 5.612174417520403949e+03
5.656773213822461003e+03 5.649559259329766064e+03
5.685051704349603824e+03 5.675803617026502252e+03
5.710900601391982491e+03 5.700226028209731339e+03
5.735459394442033954e+03 5.729397206030234884e+03
5.756513547148973885e+03 5.753600000571764213e+03
5.774266792641717984e+03 5.775827051675360053e+03
5.793894357621255040e+03 5.796358051241568319e+03
5.810152684215696354e+03 5.807692999167622474e+03
5.826688463600506111e+03 5.822587799812732555e+03
5.847339680088750356e+03 5.842928342015577982e+03
5.862203604104631268e+03 5.850693845898132167e+03
5.877815516610253326e+03 5.864306364804291661e+03
5.895257794364375513e+03 5.865808642072165640e+03
5.915638259090506835e+03 5.874956411490173195e+03
5.934926204232753662e+03 5.887004375135760711e+03
5.909428023309374112e+03 5.889156729954840557e+03
5.431525934354851415e+03 5.416669468595713624e+03
5.480171408059098212e+03 5.458354921889254911e+03
5.522689511471041442e+03 5.501158475639253084e+03
5.563995892301629283e+03 5.538621828897021260e+03
5.600388849159573510e+03 5.577359543442320501e+03
5.634156676795215390e+03 5.622240778889368812e+03
5.665135658762948879e+03 5.658498652928670708e+03
5.692855818013529642e+03 5.690081600826310023e+03
5.716840150394087686e+03 5.713026288253793609e+03
5.740573518048200640e+03 5.737505294738337398e+03
5.760311822550509532e+03 5.763537223255892968e+03
5.780652406023524236e+03 5.787883107704590657e+03
5.798167257109402271e+03 5.811394554392368264e+03
5.814388620129762785e+03 5.823846329668151157e+03
5.832747420836845777e+03 5.838482730524197905e+03
5.847261429838568802e+03 5.857390712626463028e+03
5.861595547526106202e+03 5.871544848624544102e+03
5.873377848258893209e+03 5.872363741697687146e+03
5.884387924096132338e+03 5.882684713468092923e+03
5.895518692867444770e+03 5.894461846135318410e+03
5.906616214554305770e+03 5.908697989040889297e+03
5.913158298424488748e+03 5.911901127129549423e+03
5.444590862101109451e+03 5.420344752479250019e+03
5.493250971449213466e+03 5.462171984265882202e+03
5.535815198917145608e+03 5.506548078248350066e+03
5.571171309226519952e+03 5.552391062261674961e+03
5.606027512530348758e+03 5.589479240887558262e+03
5.639102832147376830e+03 5.625499643440307409e+03
5.671162379829751444e+03 5.659276387868510938e+03
5.698565154970412550e+03 5.693554571411244979e+03
5.719382678315252633e+03 5.723504712525376817e+03
5.743461570107583611e+03 5.747485996779123525e+03
5.763064434981144586e+03 5.776899123078381308e+03
5.781366320441502467e+03 5.800199282759715061e+03
5.799585186540702125e+03 5.814889944283067962e+03
5.817787680930297938e+03 5.832894157284554240e+03
5.835259848072095338e+03 5.849540466289330652e+03
5.849643677693877180e+03 5.866568771823111092e+03
5.863010102190966791e+03 5.876422627489951992e+03
5.875463739342527333e+03 5.889982083633216462e+03
5.885194903719246213e+03 5.902681557796642664e+03
5.888192175582400523e+03 5.909485113115770218e+03
5.870675486785155954e+03 5.917302889025522745e+03
5.846395842916681431e+03 5.922304126608927618e+03
5.462863384955991933e+03 5.425279833715627319e+03
5.503794606571071199e+03 5.479969661116847419e+03
5.539734157413367939e+03 5.518338862592252553e+03
5.577497329227298906e+03 5.555854935267707333e+03
5.613593541756090417e+03 5.592212883240546944e+03
5.644762684869192526e+03 5.627034212757593195e+03
5.672323252215503089e+03 5.669160356615884666e+03
5.693528054774164048e+03 5.708538136886123539e+03
5.716984439018462581e+03 5.737967114981514896e+03
5.740673707373531215e+03 5.760096482772294621e+03
5.763666944333584979e+03 5.782296979895954792e+03
5.781307004552771104e+03 5.798300987811024243e+03
5.795488517989713728e+03 5.820667994718471164e+03
5.821077889071442769e+03 5.839041322195898829e+03
5.835621190160345577e+03 5.858695917878543696e+03
5.849318493826394842e+03 5.876409375191942672e+03
5.862139251819950005e+03 5.885422519418925731e+03
5.872254625537287211e+03 5.898479881268956888e+03
5.879619745511357905e+03 5.909804593910785115e+03
5.878979331972484943e+03 5.917741050872753476e+03
5.875126769290043740e+03 5.928387175354737337e+03
5.812013026448432356e+03 5.927661850054479146e+03
5.474506602581212064e+03 5.443103431929004728e+03
5.507938811124891799e+03 5.482784572352109535e+03
5.545169674151082290e+03 5.521070152227184735e+03
5.578207026330914232e+03 5.557053380418452434e+03
5.613635592413840641e+03 5.591679241909638222e+03
5.642420794661324180e+03 5.639888804810601869e+03
5.668403564326592459e+03 5.681171050619002926e+03
5.688121429830338457e+03 5.713983447755836096e+03
5.710923901396574365e+03 5.744285632576575154e+03
5.733560058660761570e+03 5.771397019819214620e+03
5.755989885399645573e+03 5.789535569489598856e+03
5.776593569541284523e+03 5.804151221284266285e+03
5.793149851598267560e+03 5.823776045061396871e+03
5.815134537882360746e+03 5.846202781463111023e+03
5.840343257930944674e+03 5.862697233287206473e+03
5.852159385264938464e+03 5.879369329210570868e+03
5.864229836944359704e+03 5.892794703174437018e+03
5.873359245869767619e+03 5.904964725546567934e+03
5.880231817598819362e+03 5.916050719830200251e+03
5.881017453988213674e+03 5.926254662666033255e+03
5.877640395047783386e+03 5.933436782029511960e+03
5.830645775218261406e+03 5.941133580327899836e+03
